-3422739218
-455173876
-876363593
1480255043
3190520069
-294831233
2403341167
-1573792989
3930744226
-1412479780
1801924261
933693587
1526790535
-4154801683
-3251342438
2737794618
-334502354
-998389003
288683718
-463013195
-22449457
383841707
-70097190
-938766952
-2386285485
2935139651
-661279557
-703023502
-3454563490
1024682086
1892776587
-1160025654
-3403125172
-504249291
-962868831
3948378908
-252084943
-903645621
-1010626164
-2586573602
395667673
264250297
1569032981
602585470
-1519975225
-438166262
-794216389
3338467939
-799192266
-287248067
1357894710
-1771310359
2008167964
372761807
3209010549
-598054554
1033209635
868830895
-925890655
242850344
-3029179984
781893705
36524953
-728969866
821413342
3549507453
-669912715
-1858080883
197718657
1517479078
2491863173
-2451643231
1509207331
-2943137898
-553805744
848682977
2833863435
-142823532
-3078247017
-774011277
909106226
1057676133
1531521872
-2826178955
1639957581
-283081150
178562475
2656931325
2364519880
2728896987
3388203282
-463469033
-1393671226
667401308
-4084702941
2465708746
1928809251
1629865318
1186909877
-1794807788
-2283377549
-517906159
2226083801
2264629739
1435186690
1891663602
-2391029033
-1189772998
-78556205
-2258685424
415218222
535298282
44138401
-239585299
1509644182
-1154036264
-476485150
2306307205
2779008254
-246428198
1230927551
-623882681
-776245617
-1023426883
80239903
3059078687
1734100648
1898897990
-223437156
-2320961170
375290593
-1688762061
1836577673
1073366796
-3549417974
1808823868
-465862925
1244861261
632496169
-2529157108
-316017507
2443371258
-1170553727
-2180128694
645697027
-1274597291
-1969215097
892074900
61143642
-2241257
-220473621
522550143
1627392395
-1178844557
598632344
3702981530
1068654396
-609940463
3671731625
3102242665
-435691064
1999544340
2571996536
2296871275
-184672445
89682967
697785749
2525352212
-1690465160
2782121257
80940232
450478293
-2412403477
1238334677
-2225688049
3567524369
-424875559
2263117340
-1774518620
-1426369497
1952301365
2000496505
3022719989
-2699662996
134164394
3466270685
-1869741141
-1315725778
-3466495332
-1170548813
-731333467
-50712653
-488984280
-597411109
-2230445317
-755247560
-2284652512
9913008
-1291884036
-2025445643
3062421520
-1359020541
169117233
-132324331
2213696830
-213173475
-429920935
1490952127
-959188062
-3798654781
1487842412
2659139345
-690122508
-2444713942
1212888218
-283186657
-2582633316
2832782856
367262794
165072377
3070057920
3611768453
1914707228
-120308315
1802120507
1359785537
1523039721
-2601531874
-1028714336
1352372057
2182635199
-1816949667
2607637821
34237533
-1993079066
-3151130803
320632595
-3608225450
-1692771106
709813205
-675706144
-868553015
-3535696800
-1200972077
-2124564714
-1930177364
1883510362
-1754147301
-739268382
-1852503438
461210613
-2392107395
-2538325977
-1088379899
860485008
101406143